11 6 3
0 -2.982147
1 -2.558265
2 -1.140636
3 4.052179
4 0.898839
5 -2.745699
6 3.390639
7 1.444356
8 6.442514
15 0.942833
20 0.000000
0 8 2.582677 1
0 7 4.144039 1
0 6 0.120955 1
1 8 4.148211 1
1 7 6.753058 1
1 6 11.382520 1
2 9 -2.475864 1
2 8 -0.530533 1
2 7 6.095569 1
2 6 3.984004 1
3 8 8.685143 1
3 7 -9.181378 1
3 6 -1.831484 1
4 8 -1.585915 1
4 7 -0.551515 1
4 6 1.198854 1
5 10 1.000000 1
5 8 3.035078 0
5 7 -3.983566 1
5 6 -0.129725 1
9 7 0.534358 1
10 8 2.934204 1
-1 -1 -1 -1
45
351.000000
 0 1 2 3 4 5 9 10 6 7 8
