11 6 3
0 -2.982147
1 -2.558265
2 -1.140636
3 4.052179
4 0.898839
5 -2.745699
6 3.390639
7 3.013829
8 6.212549
15 0.998448
20 0.000000
0 8 5.467784 1
0 7 7.253173 1
0 6 1.062304 1
1 8 1.844324 1
1 7 6.828768 1
1 6 10.426592 1
2 9 -3.221008 1
2 8 -0.743250 1
2 7 3.558925 1
2 6 3.924203 1
3 8 2.421902 1
3 7 -9.549130 1
3 6 -1.637795 1
4 8 -1.404341 1
4 7 1.548857 1
4 6 -0.786408 1
5 10 0.515103 1
5 8 2.389028 0
5 7 2.715091 1
5 6 -0.432735 1
9 7 2.659878 1
10 8 3.203428 1
-1 -1 -1 -1
45
351.000000
 0 1 2 3 4 5 9 10 6 7 8
