11 6 3
0 -2.982147
1 -2.558265
2 -1.140636
3 4.052179
4 0.898839
5 -2.745699
6 3.081114
7 3.062282
8 5.297298
15 -0.626583
20 7.049211
0 8 -7.481305 1
0 7 8.416392 1
0 6 2.485978 1
1 8 2.541687 1
1 7 6.038002 1
1 6 10.759963 1
2 9 -3.353302 1
2 8 -0.645408 1
2 7 5.398818 1
2 6 3.790766 1
3 8 7.602446 1
3 7 -11.267682 1
3 6 -2.926992 1
4 8 1.158908 1
4 7 0.181294 1
4 6 0.388812 1
5 10 1.528510 1
5 8 1.812404 0
5 7 -3.003381 1
5 6 -3.483095 1
9 7 2.013751 1
10 8 4.170302 1
-1 -1 -1 -1
45
351.000000
 0 1 2 3 4 5 9 10 6 7 8
