11 6 3
0 -2.982147
1 -2.558265
2 -1.140636
3 4.052179
4 0.898839
5 -2.745699
6 3.390639
7 1.462716
8 6.212549
15 -0.027656
20 0.000000
0 8 1.766526 1
0 7 6.869698 1
0 6 1.266233 1
1 8 2.541687 1
1 7 6.828768 1
1 6 9.847466 1
2 9 -1.788188 1
2 8 -0.530533 1
2 7 5.398818 1
2 6 3.799873 1
3 8 7.602446 1
3 7 -10.477577 1
3 6 -3.229541 1
4 8 -1.443398 1
4 7 1.894778 1
4 6 0.388812 1
5 10 1.000000 1
5 8 3.203428 0
5 7 -4.350014 1
5 6 -0.588063 1
9 7 2.291739 1
10 8 3.203428 1
-1 -1 -1 -1
45
351.000000
 0 1 2 3 4 5 9 10 6 7 8
