11 6 3
0 -2.982147
1 -2.558265
2 -1.140636
3 4.052179
4 0.898839
5 -2.745699
6 1.358335
7 0.866526
8 4.557025
15 0.266774
20 -1.139156
0 8 -4.568100 1
0 7 6.869698 1
0 6 1.469888 1
1 8 2.723170 1
1 7 5.613408 1
1 6 11.428104 1
2 9 -2.878353 1
2 8 -0.530533 1
2 7 3.917949 1
2 6 3.799873 1
3 8 7.702447 1
3 7 -0.273170 1
3 6 -3.956816 1
4 8 -2.372075 1
4 7 3.592139 1
4 6 2.898826 1
5 10 0.368667 1
5 8 2.999809 1
5 7 -3.381086 1
5 6 0.789324 1
9 7 1.455823 1
10 8 1.801764 1
-1 -1 -1 -1
45
351.000000
 0 1 2 3 4 5 9 10 6 7 8
