11 6 3
0 -2.982147
1 -2.558265
2 -1.140636
3 4.052179
4 0.898839
5 -2.745699
6 4.938965
7 2.816021
8 7.128093
15 1.320025
20 -0.106508
0 8 0.692268 1
0 7 7.270856 1
0 6 0.328847 1
1 8 1.464881 1
1 7 7.472898 1
1 6 11.931867 1
2 9 -0.873142 1
2 8 0.379537 1
2 7 5.174202 1
2 6 2.894722 1
3 8 7.906291 1
3 7 -10.084620 1
3 6 -4.857854 1
4 8 0.722338 1
4 7 2.016218 1
4 6 2.020126 1
5 10 0.690476 1
5 8 4.802994 1
5 7 -5.265265 1
5 6 -1.186990 1
9 7 5.111424 1
10 8 4.000790 1
-1 -1 -1 -1
45
351.000000
 0 1 2 3 4 5 9 10 6 7 8
