11 6 3
0 -2.982147
1 -2.558265
2 -1.140636
3 4.052179
4 0.898839
5 -2.745699
6 2.475772
7 1.816319
8 5.306524
15 0.062401
20 -2.075311
0 8 2.350144 1
0 7 6.797903 1
0 6 1.292045 1
1 8 3.601963 1
1 7 5.058028 1
1 6 11.068117 1
2 9 -1.482466 1
2 8 -0.101672 1
2 7 3.930957 1
2 6 4.681500 1
3 8 7.439322 1
3 7 -10.414679 1
3 6 -3.836876 1
4 8 -0.831352 1
4 7 2.902916 1
4 6 -1.209298 1
5 10 0.175010 1
5 8 3.536557 1
5 7 -4.240386 1
5 6 0.983055 1
9 7 2.639303 1
10 8 3.571108 1
-1 -1 -1 -1
45
351.000000
 0 1 2 3 4 5 9 10 6 7 8
