10 6 3
0 -2.982147
1 -2.558265
2 -1.140636
3 4.052179
4 0.898839
5 -2.745699
6 -1.440000
7 5.184687
8 3.182041
18 -0.530924
0 8 -5.188277 1
0 7 0.720780 1
0 6 -0.388572 1
1 8 1.287448 1
1 7 -7.383790 1
1 6 11.315264 1
1 9 1.178342 1
2 8 -14.872927 1
2 7 6.606348 1
2 6 -2.982402 1
3 8 -5.190132 1
3 7 -1.835997 1
3 6 -0.197840 1
4 8 -2.195154 1
4 7 -1.540821 1
4 6 -2.949492 1
5 8 -5.667153 1
5 7 9.939468 1
5 6 -0.425599 1
9 7 -0.030922 1
9 8 -7.373247 1
-1 -1 -1 -1
52
351.000000
 0 1 2 3 4 5 9 6 7 8
