11 6 3
0 -1.529099
1 -2.558265
2 -1.140636
3 3.326979
4 1.469298
5 -4.897229
6 -4.652336
7 -1.423120
8 -3.246978
12 3.077607
21 -1.305158
0 6 6.786788 1
0 7 0.751809 1
0 8 1.421166 1
0 9 -4.115853 1
1 6 12.215982 1
1 7 -8.193778 1
1 8 -2.343465 1
2 6 -4.863951 1
2 7 1.610325 1
2 8 1.906211 1
3 6 4.200891 1
3 7 -5.998090 1
3 8 -0.561541 1
4 6 0.906175 1
4 7 -1.828520 0
4 8 -9.434237 1
4 10 1.361441 1
5 6 -4.188167 1
5 7 -3.342315 1
5 8 -2.168158 1
9 8 -0.426760 1
10 7 -3.736727 1
-1 -1 -1 -1
30
351.000000
 0 1 2 3 4 5 9 10 6 8 7
