11 6 3
0 -2.982147
1 -2.558265
2 -1.140636
3 4.052179
4 0.898839
5 -2.745699
6 4.030046
7 -1.522273
8 4.957681
15 0.591411
20 0.704229
0 8 1.439006 1
0 7 8.429409 1
0 6 3.343522 1
1 8 4.461993 1
1 7 7.964767 1
1 6 9.847466 1
2 9 3.714301 1
2 8 -0.216087 1
2 7 4.854993 1
2 6 3.662308 1
3 8 8.628550 1
3 7 -10.477577 1
3 6 -1.678905 1
4 8 0.079284 1
4 7 1.541558 1
4 6 0.108879 1
5 10 -0.211875 1
5 8 5.908629 1
5 7 1.693717 1
5 6 0.139555 1
9 7 1.846795 1
10 8 4.780768 1
-1 -1 -1 -1
45
351.000000
 0 1 2 3 4 5 9 10 6 7 8
