11 6 3
0 -2.982147
1 -2.558265
2 -1.140636
3 4.052179
4 0.898839
5 -2.745699
6 5.196568
7 -0.401879
8 5.370337
15 -0.634237
20 -2.640838
0 8 3.552232 1
0 7 8.377445 1
0 6 2.420268 1
1 8 2.825019 1
1 7 7.066029 1
1 6 10.250113 1
2 9 -2.939059 1
2 8 1.254365 1
2 7 4.862407 1
2 6 4.104691 1
3 8 8.231058 1
3 7 -10.706502 1
3 6 -0.514825 1
4 8 0.796397 1
4 7 0.768006 1
4 6 1.900525 1
5 10 -0.074257 1
5 8 3.604586 1
5 7 -5.287400 1
5 6 -1.664869 1
9 7 2.935870 1
10 8 5.287829 1
-1 -1 -1 -1
45
351.000000
 0 1 2 3 4 5 9 10 6 7 8
