11 6 3
0 -1.529099
1 -2.558265
2 -1.140636
3 3.326979
4 1.469298
5 -4.897229
6 -2.311524
7 0.970539
8 -6.467244
12 4.962469
21 -0.776649
0 9 2.799374 1
0 8 2.016062 1
0 7 2.361673 1
0 6 -0.870884 1
1 8 -0.425599 1
1 7 -7.205472 1
1 6 13.575303 1
2 8 -1.652407 1
2 7 8.887659 1
2 6 -3.258169 1
3 8 2.148473 1
3 7 3.519340 1
3 6 1.739555 1
4 10 1.103067 1
4 8 -2.305678 1
4 7 -0.751757 0
4 6 -0.562691 1
5 8 3.210433 1
5 7 -6.380837 1
5 6 4.401920 1
9 8 -1.052973 1
10 7 -4.583666 1
-1 -1 -1 -1
33
351.000000
 0 1 2 3 4 5 9 10 6 8 7
