11 6 3
0 -1.529099
1 -2.558265
2 -1.140636
3 3.326979
4 1.469298
5 -4.897229
6 -4.652336
7 -1.429715
8 -2.249090
12 2.254858
21 -0.950637
0 6 0.140451 1
0 7 -2.094568 1
0 8 -0.092900 1
0 9 -5.930584 1
1 6 13.971163 1
1 7 -10.806116 1
1 8 -1.732360 1
2 6 -3.794237 1
2 7 1.164115 1
2 8 -1.476017 1
3 6 3.064630 1
3 7 -6.948303 1
3 8 2.025711 1
4 6 0.327072 1
4 7 -0.286388 1
4 8 -7.905642 1
4 10 3.131822 1
5 6 -4.092746 1
5 7 -2.999962 1
5 8 -1.570845 1
9 8 -1.418785 1
10 7 -4.083416 1
-1 -1 -1 -1
30
351.000000
 0 1 2 3 4 5 9 10 6 8 7
