11 6 3
0 -1.529099
1 -2.558265
2 -1.140636
3 3.326979
4 1.469298
5 -4.897229
6 -3.730746
7 -4.022176
8 -1.524917
12 4.235767
21 -2.853485
0 6 2.296034 1
0 7 -2.075161 1
0 8 0.114685 1
0 9 0.712624 1
1 6 14.198847 1
1 7 -8.567230 1
1 8 -3.410823 1
2 6 -4.628630 1
2 7 5.938808 1
2 8 -2.287126 1
3 6 3.285846 1
3 7 -6.903930 1
3 8 5.990164 1
4 6 0.886912 1
4 7 -0.818473 1
4 8 -6.951870 1
4 10 1.591061 1
5 6 -5.440427 1
5 7 -3.250415 1
5 8 -1.100713 1
9 8 1.816902 1
10 7 0.348268 1
-1 -1 -1 -1
30
351.000000
 0 1 2 3 4 5 9 10 6 8 7
