11 6 3
0 -1.529099
1 -2.558265
2 -1.140636
3 3.326979
4 1.469298
5 -4.897229
6 -3.974849
7 -0.484780
8 -1.909930
12 4.654947
21 -3.483557
0 6 0.587017 1
0 7 2.140238 1
0 8 4.037032 1
0 9 -6.898392 1
1 6 11.618299 1
1 7 -10.593174 1
1 8 -2.545281 1
2 6 -2.287165 1
2 7 3.688456 1
2 8 -0.178191 1
3 6 3.285846 1
3 7 -6.436674 1
3 8 3.692430 1
4 6 0.906175 1
4 7 0.720780 1
4 8 -7.093502 1
4 10 2.216278 1
5 6 -5.414615 1
5 7 -1.833178 1
5 8 -3.081054 1
9 8 1.412167 1
10 7 -3.431005 1
-1 -1 -1 -1
30
351.000000
 0 1 2 3 4 5 9 10 6 8 7
