11 6 3
0 -1.529099
1 -2.558265
2 -1.140636
3 3.326979
4 1.469298
5 -4.897229
6 -4.949538
7 -3.560181
8 -3.962848
12 3.429105
21 -3.753260
0 9 -6.549052 1
0 8 1.504011 1
0 7 -1.396462 1
0 6 0.982664 1
1 8 -2.868539 1
1 7 -9.091228 1
1 6 12.068789 1
2 8 -0.050780 1
2 7 2.664050 1
2 6 -4.827899 1
3 8 -0.348010 1
3 7 2.728666 1
3 6 2.656839 1
4 10 -1.094335 1
4 8 -10.182217 1
4 7 -1.834715 1
4 6 1.207980 1
5 8 -1.079747 1
5 7 -1.602291 1
5 6 2.265046 1
9 8 0.004511 1
10 7 -3.718074 1
-1 -1 -1 -1
30
351.000000
 0 1 2 3 4 5 9 10 6 8 7
