11 6 3
0 -1.529099
1 -2.558265
2 -1.140636
3 3.326979
4 1.469298
5 -4.897229
6 -3.760091
7 -1.869935
8 -2.117547
12 1.907487
21 -2.917842
0 9 -7.127098 1
0 8 3.647442 1
0 7 -0.433456 1
0 6 0.830606 1
1 8 -4.149111 1
1 7 -10.009655 1
1 6 14.609817 1
2 8 -0.802298 1
2 7 4.715441 1
2 6 -5.864027 1
3 8 2.681815 1
3 7 -7.148875 1
3 6 5.063937 1
4 10 4.170100 1
4 8 -9.896779 1
4 7 -1.096511 1
4 6 -0.540655 1
5 8 0.911423 1
5 7 -2.428489 1
5 6 -6.705097 1
9 8 0.435965 1
10 7 -4.882380 1
-1 -1 -1 -1
31
351.000000
 0 1 2 3 4 5 9 10 6 8 7
