11 6 3
0 -1.529099
1 -2.558265
2 -1.140636
3 3.326979
4 1.469298
5 -4.897229
6 -4.428926
7 -3.055526
8 -2.648648
12 3.612639
21 -5.616802
0 9 -4.085505 1
0 8 1.486145 1
0 7 -0.865170 1
0 6 0.982664 1
1 8 -3.562337 1
1 7 -8.292603 1
1 6 13.584936 1
2 8 -1.212285 1
2 7 2.941427 1
2 6 -3.470595 1
3 8 0.051240 1
3 7 -8.043922 1
3 6 4.510829 1
4 10 2.033703 1
4 8 -9.258947 1
4 7 -0.561685 1
4 6 0.906175 1
5 8 -1.310314 1
5 7 2.251424 1
5 6 -5.145614 1
9 8 0.081735 1
10 7 -1.464246 1
-1 -1 -1 -1
30
351.000000
 0 1 2 3 4 5 9 10 6 8 7
