10 6 3
0 -2.982147
1 -2.558265
2 -1.140636
3 4.052179
4 0.898839
5 -2.745699
6 -1.470420
7 6.125136
8 4.198660
18 -1.002410
0 6 -2.554018 1
0 7 -4.040986 1
0 8 2.145156 1
1 9 2.949082 1
1 6 10.254989 1
1 7 -7.409602 1
1 8 1.287448 1
2 6 -3.411264 1
2 7 6.300626 1
2 8 -16.093578 1
3 6 -0.197840 1
3 7 -2.717624 1
3 8 -3.722271 1
4 6 -0.214999 1
4 7 -0.921973 1
4 8 -1.514379 1
5 6 4.180325 1
5 7 11.100000 1
5 8 -5.667153 1
9 8 -6.945354 1
9 7 -0.727121 1
-1 -1 -1 -1
51
351.000000
 0 1 2 3 4 5 9 6 8 7
