11 6 3
0 -1.529099
1 -2.558265
2 -1.140636
3 3.326979
4 1.469298
5 -4.897229
6 -2.917561
7 -2.615424
8 -1.981940
12 -2.343465
21 -3.930292
0 9 -5.627566 1
0 8 0.460849 1
0 7 -1.019793 1
0 6 0.982664 1
1 8 -2.685325 1
1 7 -0.561541 1
1 6 13.950027 1
2 8 -0.796103 1
2 7 4.540152 1
2 6 -4.641981 1
3 8 3.107923 1
3 7 -7.357022 1
3 6 4.206094 1
4 10 -0.426760 1
4 8 -9.577864 1
4 7 -2.885918 1
4 6 -0.676215 1
5 8 0.341453 1
5 7 -1.461923 1
5 6 -5.847464 1
9 8 -0.445816 1
10 7 -6.599355 1
-1 -1 -1 -1
33
351.000000
 0 1 2 3 4 5 9 10 6 8 7
