11 6 3
0 -2.255623
1 -2.558265
2 -1.140636
3 3.689579
4 1.184069
5 -4.897229
6 -2.290340
7 0.758311
8 0.486434
12 3.077607
21 -2.853485
0 9 -5.627566 1
0 8 -3.213134 1
0 7 0.137368 1
0 6 0.193519 1
1 8 -0.567338 1
1 7 -8.594936 1
1 6 11.750045 1
2 8 3.252982 1
2 7 4.694719 1
2 6 -3.069853 1
3 8 -1.615606 1
3 7 7.125460 1
3 6 3.285846 1
4 10 2.216278 1
4 8 -3.618991 1
4 7 -1.026694 1
4 6 3.834316 1
5 8 3.038732 1
5 7 -1.647393 1
5 6 -2.101975 1
9 8 0.191515 1
10 7 -3.736727 1
-1 -1 -1 -1
30
351.000000
 0 1 2 3 4 5 9 10 6 8 7
