11 6 3
0 -1.529099
1 -2.558265
2 -1.140636
3 3.326979
4 1.469298
5 -4.897229
6 -4.904674
7 -1.315499
8 -0.923916
12 2.982247
21 -2.885664
0 9 -10.245192 1
0 8 2.211459 1
0 7 0.781099 1
0 6 1.621885 1
1 8 -1.903838 1
1 7 -1.818628 1
1 6 13.496013 1
2 8 -0.973159 1
2 7 5.409572 1
2 6 -1.164265 1
3 8 -0.015776 1
3 7 -7.942729 1
3 6 5.504657 1
4 10 3.833814 1
4 8 -8.863727 1
4 7 -1.412994 1
4 6 -0.593054 1
5 8 1.242159 1
5 7 -3.210960 1
5 6 -8.672750 1
9 8 -0.084481 1
10 7 -5.759523 1
-1 -1 -1 -1
33
351.000000
 0 1 2 3 4 5 9 10 6 8 7
