11 6 3
0 -1.529099
1 -2.558265
2 -1.140636
3 3.326979
4 1.469298
5 -4.897229
6 -3.578936
7 -3.187711
8 -2.634675
12 3.099136
21 -1.260959
0 9 -7.279122 1
0 8 2.792764 1
0 7 -2.297094 1
0 6 2.226732 1
1 8 -3.579554 1
1 7 -9.310438 1
1 6 14.173107 1
2 8 -2.854644 1
2 7 3.289260 1
2 6 -2.320854 1
3 8 2.112686 1
3 7 -6.678195 1
3 6 0.942833 1
4 10 2.216278 1
4 8 -9.373617 1
4 7 0.287433 1
4 6 0.075950 1
5 8 -0.959347 1
5 7 -1.476965 1
5 6 -5.450380 1
9 8 0.253982 1
10 7 -1.465000 1
-1 -1 -1 -1
33
351.000000
 0 1 2 3 4 5 9 10 6 8 7
