11 6 3
0 -1.529099
1 -2.558265
2 -1.140636
3 3.326979
4 1.469298
5 -4.897229
6 -4.070604
7 -2.164091
8 -3.758961
12 4.185084
21 -3.466522
0 9 -6.222907 1
0 8 3.081451 1
0 7 -1.874204 1
0 6 -0.181328 1
1 8 -2.543430 1
1 7 -7.815566 1
1 6 13.991459 1
2 8 -0.111244 1
2 7 6.156593 1
2 6 -6.329263 1
3 8 1.349741 1
3 7 -6.959003 1
3 6 5.846185 1
4 10 0.476333 1
4 8 -9.191793 1
4 7 -1.262208 1
4 6 1.029517 1
5 8 -1.208555 1
5 7 -1.207268 1
5 6 -4.786129 1
9 8 -0.916153 1
10 7 -4.914318 1
-1 -1 -1 -1
33
351.000000
 0 1 2 3 4 5 9 10 6 8 7
