11 6 3
0 -2.982147
1 -2.558265
2 -1.140636
3 4.052179
4 0.898839
5 -2.745699
6 -1.816617
7 1.236184
8 -2.167741
18 2.195794
13 0.000000
0 8 -1.897006 1
0 7 0.145580 1
0 6 -2.395764 1
1 8 -0.568475 1
1 7 2.218414 1
1 6 10.487839 1
1 9 -6.959172 1
2 8 -14.752233 1
2 7 -1.676774 1
2 6 0.431903 1
3 8 -7.747111 1
3 7 3.345758 1
3 6 -2.104024 1
4 10 1.000000 1
4 8 -1.485034 0
4 7 1.992372 1
4 6 3.539779 1
5 8 1.608259 1
5 7 6.329389 1
5 6 -3.933202 1
9 8 1.459367 1
10 8 -1.485034 1
-1 -1 -1 -1
59
351.000000
 0 1 2 3 4 5 9 10 7 6 8
