11 6 3
0 -1.529099
1 -2.558265
2 -1.140636
3 3.326979
4 1.469298
5 -4.897229
6 -4.652336
7 -1.212399
8 -2.648648
12 3.077607
21 -2.853485
0 6 0.982664 1
0 7 -1.487987 1
0 8 2.547938 1
0 9 -5.627566 1
1 6 13.290239 1
1 7 -8.594936 1
1 8 -3.410823 1
2 6 -3.787144 1
2 7 3.334853 1
2 8 -0.178191 1
3 6 3.285846 1
3 7 -6.908160 1
3 8 1.580278 1
4 6 0.906175 1
4 7 -1.834715 1
4 8 -9.258947 1
4 10 2.216278 1
5 6 -5.440427 1
5 7 -2.893454 1
5 8 -1.310314 1
9 8 0.191515 1
10 7 -3.736727 1
-1 -1 -1 -1
30
351.000000
 0 1 2 3 4 5 9 10 6 8 7
