11 6 3
0 -1.529099
1 -2.558265
2 -1.140636
3 3.326979
4 1.469298
5 -4.897229
6 -6.881742
7 -1.363913
8 -2.346314
12 3.372303
21 -3.887579
0 6 1.677560 1
0 7 -1.487987 1
0 8 3.588657 1
0 9 -7.853306 1
1 6 14.538534 1
1 7 -8.594936 1
1 8 -3.593398 1
2 6 -3.787144 1
2 7 4.607882 1
2 8 -0.178191 1
3 6 3.285846 1
3 7 2.251424 1
3 8 1.875091 1
4 6 0.796395 1
4 7 0.437766 1
4 8 -8.327266 1
4 10 1.869807 1
5 6 -4.830697 1
5 7 -2.946406 1
5 8 -0.766194 1
9 8 -0.247375 1
10 7 -4.329143 1
-1 -1 -1 -1
30
351.000000
 0 1 2 3 4 5 9 10 6 8 7
