11 6 3
0 -1.529099
1 -2.558265
2 -1.140636
3 3.326979
4 1.469298
5 -4.897229
6 -3.235847
7 -1.222352
8 -2.586182
12 5.349333
21 -2.751980
0 6 -0.449862 1
0 7 -2.360916 1
0 8 1.847087 1
0 9 -4.832136 1
1 6 13.924317 1
1 7 -5.914810 1
1 8 -3.410823 1
2 6 -3.787144 1
2 7 3.166502 1
2 8 0.188257 1
3 6 -0.129725 1
3 7 -8.665542 1
3 8 1.311054 1
4 6 0.181543 1
4 7 -2.336637 1
4 8 -8.913406 1
4 10 1.881785 1
5 6 -4.851537 1
5 7 -2.316210 1
5 8 0.192112 1
9 8 -1.069232 1
10 7 -2.180435 1
-1 -1 -1 -1
30
351.000000
 0 1 2 3 4 5 9 10 6 8 7
