11 6 3
0 -1.529099
1 -2.558265
2 -1.140636
3 3.326979
4 1.469298
5 -4.897229
6 -0.983042
7 0.528238
8 1.739555
12 3.723651
21 -2.305678
0 9 5.124444 1
0 8 4.291677 1
0 7 2.962702 1
0 6 1.409296 1
1 8 -3.759321 1
1 7 -8.118987 1
1 6 14.402754 1
2 8 0.949675 1
2 7 9.573369 1
2 6 -0.834303 1
3 8 -0.851415 1
3 7 5.069714 1
3 6 -5.001544 1
4 10 1.464727 1
4 8 4.898290 1
4 7 6.171344 1
4 6 1.431005 1
5 8 2.644394 1
5 7 -7.223536 1
5 6 1.654516 1
9 8 -1.052973 1
10 7 -2.581452 1
-1 -1 -1 -1
33
351.000000
 0 1 2 3 4 5 9 10 6 8 7
