11 6 3
0 -1.529099
1 -2.558265
2 -1.140636
3 3.326979
4 1.469298
5 -4.897229
6 -3.443476
7 -0.080664
8 -5.858357
12 5.177174
21 0.422401
0 9 6.062352 1
0 8 2.039316 1
0 7 0.961655 1
0 6 0.270379 1
1 8 -4.194066 1
1 7 -7.523992 1
1 6 12.616719 1
2 8 4.600227 1
2 7 7.661413 1
2 6 -1.804830 1
3 8 0.146624 1
3 7 -2.926992 1
3 6 1.158908 1
4 10 -0.253227 1
4 8 3.897653 1
4 7 -0.076012 1
4 6 -0.827736 1
5 8 3.991027 1
5 7 -7.947830 1
5 6 2.674353 1
9 8 -0.086098 1
10 7 -5.724490 1
-1 -1 -1 -1
33
351.000000
 0 1 2 3 4 5 9 10 6 8 7
