10 6 3
0 -2.982147
1 -2.558265
2 -1.140636
3 4.052179
4 0.898839
5 -2.745699
6 -2.309857
7 -0.204006
8 -0.408674
18 5.250319
0 8 2.087514 1
0 7 8.424643 1
0 6 7.417329 1
1 8 10.663935 1
1 7 -4.799499 1
1 6 16.682713 1
1 9 5.469325 1
2 8 -0.323132 1
2 7 -0.015839 1
2 6 -3.087345 1
3 8 -1.740592 1
3 7 6.893543 1
3 6 3.245986 1
4 8 -10.012708 1
4 7 1.497523 1
4 6 -5.972610 1
5 8 5.172024 1
5 7 -1.096051 1
5 6 2.615004 1
9 7 -2.693048 1
9 8 -5.924083 1
-1 -1 -1 -1
66
351.000000
 0 1 2 3 4 5 9 6 7 8
