11 6 3
0 -0.043854
1 -4.392118
2 1.518967
3 0.222925
4 0.991067
5 -2.137115
6 12.317272
7 1.413516
8 -1.941625
14 -2.263163
18 0.867563
0 8 -8.305783 1
0 7 1.858259 1
0 6 -2.527404 1
1 8 1.912700 1
1 7 3.528411 1
1 6 -2.564544 1
1 9 7.565234 1
2 8 1.724554 1
2 7 0.637460 1
2 6 -3.166487 1
3 8 -7.353036 1
3 7 -6.347908 1
3 6 4.093319 1
4 10 0.758280 1
4 8 -2.032821 1
4 7 -2.365633 1
4 6 -4.451605 1
5 8 2.346112 1
5 7 3.533272 1
5 6 -4.480548 1
9 7 3.312502 1
10 7 -5.455112 1
-1 -1 -1 -1
424
12.000000
 0 1 2 3 4 5 9 10 8 6 7
