10 6 3
0 -2.255623
1 -2.558265
2 -1.140636
3 3.326979
4 1.184069
5 -3.821464
6 -4.546374
7 -4.074799
8 -0.303843
18 3.358500
0 8 -0.377927 1
0 7 3.838055 1
0 6 -1.099436 1
1 8 -3.163446 1
1 7 -8.422569 1
1 6 17.949205 1
1 9 2.777798 1
2 8 0.500143 1
2 7 1.771639 1
2 6 -4.436379 1
3 8 0.696900 1
3 7 5.436653 1
3 6 3.223711 1
4 8 11.821105 1
4 7 1.390839 1
4 6 -2.659978 1
5 8 -1.802100 1
5 7 -2.047869 1
5 6 -0.668042 1
9 7 -4.827739 1
9 8 -3.654633 1
-1 -1 -1 -1
75
351.000000
 0 1 2 3 4 5 9 6 7 8
