11 6 3
0 -0.043854
1 -4.392118
2 1.518967
3 0.222925
4 0.991067
5 -2.137115
6 5.689079
7 -0.464524
8 0.610194
14 4.565475
18 0.000000
0 6 -0.873625 1
0 7 -1.622164 1
0 8 -3.892925 1
1 9 6.796287 1
1 6 1.263600 1
1 7 -1.963966 1
1 8 -0.224656 1
2 6 -1.904103 1
2 7 3.565976 1
2 8 -4.190244 1
3 6 -0.056686 1
3 7 6.451476 1
3 8 -3.459557 1
4 10 1.000000 1
4 6 -5.793356 1
4 7 0.932087 0
4 8 7.348284 1
5 6 3.016657 1
5 7 -1.776584 1
5 8 3.124816 1
9 7 -3.892526 1
10 7 0.932087 1
-1 -1 -1 -1
431
12.000000
 0 1 2 3 4 5 9 10 6 8 7
