10 6 3
0 -2.982147
1 -2.558265
2 -1.140636
3 4.052179
4 0.898839
5 -2.745699
6 -2.771490
7 7.368552
8 1.538004
18 -0.907742
0 6 -0.565738 1
0 7 2.394112 1
0 8 4.122405 1
1 9 4.774804 1
1 6 15.335082 1
1 7 2.608340 1
1 8 9.966287 1
2 6 1.518190 1
2 7 2.686852 1
2 8 3.206123 1
3 6 -1.881297 1
3 7 -1.102577 1
3 8 -3.826056 1
3 9 -1.122154 1
4 6 -3.072144 1
4 7 1.675051 1
4 8 -2.661800 1
5 6 0.403627 1
5 7 -1.225080 1
5 8 -6.072877 1
9 8 -4.156257 1
9 7 -0.575998 1
-1 -1 -1 -1
74
399.000000
 0 1 2 3 4 5 9 6 8 7
