11 6 3
0 -1.529099
1 -2.558265
2 -1.140636
3 3.326979
4 1.469298
5 -4.897229
6 -2.194786
7 0.970539
8 -4.999383
12 4.080841
21 -0.776649
0 9 5.264990 1
0 8 3.655735 1
0 7 2.432024 1
0 6 0.289649 1
1 8 -3.240962 1
1 7 -7.901670 1
1 6 14.003196 1
2 8 1.772424 1
2 7 7.670520 1
2 6 -1.804830 1
3 8 0.936729 1
3 7 3.961641 1
3 6 -5.720032 1
4 10 1.460257 1
4 8 3.897653 1
4 7 -0.604522 1
4 6 0.563288 1
5 8 2.644394 1
5 7 -5.052798 1
5 6 2.952342 1
9 8 -1.052973 1
10 7 -4.366350 1
-1 -1 -1 -1
32
351.000000
 0 1 2 3 4 5 9 10 6 8 7
