10 6 3
0 -2.618885
1 -2.558265
2 -1.140636
3 4.052179
4 1.041454
5 -3.283581
6 -0.649250
7 2.511400
8 -2.654633
18 9.612078
0 6 -2.355202 1
0 7 8.788700 1
0 8 2.406693 1
1 9 -2.806652 1
1 6 19.247057 1
1 7 -10.583781 1
1 8 -2.383536 1
2 6 1.677901 1
2 7 5.092314 1
2 8 -19.753973 1
3 6 -6.055284 1
3 7 -3.211734 1
3 8 0.756294 1
4 6 2.715362 1
4 7 -5.765317 1
4 8 0.590324 1
5 6 4.512946 1
5 7 -0.544038 1
5 8 2.103192 1
9 8 -10.051781 1
9 7 3.983744 1
-1 -1 -1 -1
99
351.000000
 0 1 2 3 4 5 9 6 8 7
