10 6 3
0 -2.618885
1 -2.558265
2 -1.140636
3 4.052179
4 1.041454
5 -3.283581
6 1.368835
7 4.801711
8 -2.847578
18 7.566464
0 6 5.069813 1
0 7 10.675531 1
0 8 -1.117228 1
1 9 -1.068810 1
1 6 16.669693 1
1 7 -8.041985 1
1 8 2.552184 1
2 6 -1.863733 1
2 7 -0.430249 1
2 8 -18.430313 1
3 6 -9.028204 1
3 7 8.343844 1
3 8 -4.716741 1
4 6 2.743273 1
4 7 0.800209 1
4 8 -0.245343 1
5 6 -1.159600 1
5 7 -0.292668 1
5 8 -0.724015 1
9 8 -3.691358 1
9 7 1.798365 1
-1 -1 -1 -1
103
351.000000
 0 1 2 3 4 5 9 6 8 7
