11 6 3
0 1.206264
1 -1.013453
2 -0.912376
3 4.012024
4 1.737061
5 -1.831499
6 -1.451782
7 -5.802200
8 -6.353349
15 3.244381
29 -0.532217
0 8 -0.833026 1
0 7 -1.821206 1
0 6 3.483311 1
1 8 -0.508799 1
1 7 -2.934950 1
1 6 -0.394247 1
2 8 -0.762304 1
2 7 8.142711 1
2 6 2.636237 1
3 8 5.586280 1
3 7 10.654074 1
3 6 5.044176 1
4 8 2.830911 1
4 7 2.536755 1
4 6 3.773561 1
4 9 -2.072885 1
4 10 0.040412 1
5 8 -2.418347 1
5 7 3.334387 1
5 6 -2.742019 1
9 6 -4.154552 1
10 9 -1.602103 1
-1 -1 -1 -1
37
12.000000
 0 1 2 3 4 5 10 8 7 9 6
