11 6 3
0 1.085844
1 -2.522391
2 -2.432155
3 0.716306
4 -2.326706
5 6.968905
6 0.643071
7 0.595864
8 -5.661021
12 2.961167
23 2.627846
0 8 -1.310648 1
0 7 -1.535475 1
0 6 -2.294938 1
0 10 1.383230 1
1 8 -4.206983 1
1 7 3.668694 1
1 6 -2.575933 1
2 8 -4.366333 1
2 7 -3.346375 1
2 6 7.556690 1
3 9 -6.787926 1
3 8 1.191995 1
3 7 1.128933 1
3 6 4.651294 1
4 8 7.398761 1
4 7 -1.387390 1
4 6 -3.649629 1
5 8 2.444155 1
5 7 0.275513 1
5 6 9.154380 1
9 7 -4.226441 1
10 6 -0.070786 1
-1 -1 -1 -1
487
12.000000
 0 1 2 3 4 5 10 9 8 6 7
