11 6 3
0 1.085844
1 -2.522391
2 -2.432155
3 0.716306
4 -2.326706
5 6.968905
6 0.924032
7 0.696685
8 -5.991311
12 4.919515
23 2.336547
0 10 2.832808 1
0 6 -2.294938 1
0 7 -1.752792 1
0 8 -0.911090 1
1 6 -3.398683 1
1 7 5.571542 1
1 8 -0.834303 1
2 6 5.768546 1
2 7 -2.238302 1
2 8 -3.647845 1
3 6 4.655764 1
3 7 4.898290 1
3 8 6.171344 1
3 9 -5.920209 1
4 6 -3.649629 1
4 7 -3.558127 1
4 8 6.100935 1
5 6 9.154380 1
5 7 2.060411 1
5 8 2.444155 1
9 7 -4.437163 1
10 6 -0.669115 1
-1 -1 -1 -1
489
12.000000
 0 1 2 3 4 5 10 9 8 6 7
