11 6 3
0 1.085844
1 -2.522391
2 -2.432155
3 0.716306
4 -2.326706
5 6.968905
6 2.037455
7 -0.723125
8 -4.771902
12 4.166698
23 2.036483
0 10 1.383230 1
0 6 -0.744302 1
0 7 -0.012793 1
0 8 1.541558 1
1 6 -2.855867 1
1 7 2.456818 1
1 8 -1.501781 1
2 6 1.693717 1
2 7 -2.618757 1
2 8 1.846795 1
3 6 6.228634 1
3 7 -1.575179 1
3 8 1.754146 1
3 9 0.412395 1
4 6 -4.930104 1
4 7 -1.387390 1
4 8 6.127935 1
5 6 7.482439 1
5 7 -1.722725 1
5 8 -2.545281 1
9 7 -2.287165 1
10 6 0.282817 1
-1 -1 -1 -1
489
12.000000
 0 1 2 3 4 5 10 9 8 6 7
