11 6 3
0 -0.043854
1 -4.392118
2 1.518967
3 0.222925
4 0.991067
5 -2.137115
6 5.899144
7 -5.767121
8 -8.259932
22 3.164904
13 1.313979
0 6 -2.570989 1
0 7 3.067194 1
0 8 0.369393 1
1 6 0.534512 1
1 7 0.320931 1
1 8 -8.726189 1
2 6 -1.755032 1
2 7 -4.206332 1
2 8 0.568215 1
3 6 7.033964 1
3 7 5.222654 1
3 8 6.731340 1
3 9 1.072689 1
4 6 -6.019307 1
4 7 -2.763815 1
4 8 1.005143 1
5 10 4.134257 1
5 6 -4.600596 0
5 7 -1.287822 1
5 8 -1.180346 1
9 6 0.769170 1
10 6 3.480878 1
-1 -1 -1 -1
540
12.000000
 0 1 2 3 4 5 9 10 7 8 6
