11 6 3
0 -0.043854
1 -4.392118
2 1.518967
3 0.222925
4 0.991067
5 -2.137115
6 7.148329
7 -6.161126
8 -0.511152
22 -2.627152
13 0.677850
0 6 -2.555236 1
0 7 4.982601 1
0 8 -1.346720 1
1 6 -7.465939 1
1 7 -0.969101 1
1 8 -7.199430 1
2 6 -6.349867 1
2 7 -2.676353 1
2 8 4.835552 1
3 6 11.087683 1
3 7 -4.252763 1
3 8 9.282206 1
3 9 -1.468239 1
4 6 -5.368620 1
4 7 7.809136 1
4 8 -0.134559 1
5 10 4.600893 1
5 6 6.983414 1
5 7 -4.276179 1
5 8 6.716889 1
9 6 1.967945 1
10 6 5.613612 1
-1 -1 -1 -1
563
12.000000
 0 1 2 3 4 5 9 10 7 8 6
