11 6 3
0 -0.043854
1 -4.392118
2 1.518967
3 0.222925
4 0.991067
5 -2.137115
6 8.983544
7 -2.805319
8 3.933612
22 -1.716849
13 -0.394694
0 8 -2.307582 1
0 7 6.575019 1
0 6 -3.042281 1
1 8 -3.405782 1
1 7 -0.256211 1
1 6 -4.588223 1
2 8 2.314421 1
2 7 -4.079452 1
2 6 -3.686338 1
3 9 -0.987694 1
3 8 0.699322 1
3 7 1.251786 1
3 6 -0.320591 1
4 8 -4.584951 1
4 7 -1.293020 1
4 6 -2.134199 1
5 8 9.946657 1
5 7 -5.113730 1
5 6 -7.233024 1
5 10 -3.896732 1
9 6 3.255635 1
10 6 2.039925 1
-1 -1 -1 -1
567
12.000000
 0 1 2 3 4 5 9 8 7 10 6
