11 6 3
0 -0.043854
1 -4.392118
2 1.518967
3 0.222925
4 0.991067
5 -2.137115
6 6.225051
7 -2.182161
8 -1.411313
22 5.340054
13 -1.413178
0 8 1.759319 1
0 7 -3.953583 1
0 6 2.294721 1
1 8 5.017131 1
1 7 -0.696001 1
1 6 -3.533272 1
2 8 -1.326030 1
2 7 -5.310827 1
2 6 -1.012215 1
3 9 -1.730768 1
3 8 8.894435 1
3 7 6.986772 1
3 6 6.952300 1
4 8 -1.799847 1
4 7 -1.415273 1
4 6 -4.509868 1
5 8 -4.685086 1
5 7 6.090711 1
5 6 2.841016 1
5 10 -4.319771 1
9 6 1.166906 1
10 6 6.762219 1
-1 -1 -1 -1
544
12.000000
 0 1 2 3 4 5 9 8 7 10 6
