11 6 3
0 -0.043854
1 -4.392118
2 1.518967
3 0.222925
4 0.991067
5 -2.137115
6 -0.164800
7 -4.053276
8 -0.349982
22 -6.807030
13 -0.109026
0 6 2.225406 1
0 7 0.058430 1
0 8 -1.480305 1
1 6 0.301427 1
1 7 -4.726961 1
1 8 2.368630 1
2 6 -5.373365 1
2 7 -6.704673 1
2 8 3.619937 1
3 6 1.643361 1
3 7 -1.338435 1
3 8 -4.724250 1
3 9 -3.523608 1
4 6 5.590674 1
4 7 10.533106 1
4 8 0.353166 1
5 10 -2.126399 1
5 6 -1.555879 1
5 7 -1.546891 1
5 8 5.309414 1
9 6 0.543365 1
10 6 -7.127771 1
-1 -1 -1 -1
572
12.000000
 0 1 2 3 4 5 9 10 7 8 6
