11 6 3
0 -0.043854
1 -4.392118
2 1.518967
3 0.222925
4 0.991067
5 -2.137115
6 0.613217
7 -8.267110
8 2.320190
22 1.555746
13 -0.916939
0 6 5.177754 1
0 7 -2.027295 1
0 8 -4.860351 1
1 6 -5.964308 1
1 7 -0.074993 1
1 8 0.343691 1
2 6 1.944979 1
2 7 -2.887217 1
2 8 -0.853023 1
3 6 12.051429 1
3 7 3.175678 1
3 8 -3.155288 1
3 9 -3.234720 1
4 6 -2.744237 1
4 7 9.355680 1
4 8 0.350672 1
5 10 0.135473 1
5 6 7.562231 1
5 7 -2.231243 1
5 8 1.418570 1
9 6 -3.690174 1
10 6 8.102856 1
-1 -1 -1 -1
570
12.000000
 0 1 2 3 4 5 9 10 7 8 6
