11 6 3
0 -0.043854
1 -4.392118
2 1.518967
3 0.222925
4 0.991067
5 -2.137115
6 6.880678
7 -5.269695
8 0.768435
22 -1.604280
13 -0.158578
0 8 -6.054770 1
0 7 5.344212 1
0 6 3.451836 1
1 8 0.026449 1
1 7 -2.145825 1
1 6 4.401896 1
2 8 -3.141357 1
2 7 -1.061998 1
2 6 2.157795 1
3 9 5.901957 0
3 8 -6.069247 1
3 7 -1.690133 1
3 6 1.870807 1
4 8 0.231129 1
4 7 -6.336858 1
4 6 -7.312117 1
5 8 1.142939 1
5 7 -2.467000 1
5 6 1.311837 1
5 10 -3.569631 1
9 8 4.326798 1
9 6 -2.416433 1
10 6 -0.447013 1
-1 -1 -1 -1
574
12.000000
 0 1 2 3 4 5 9 7 10 8 6
