11 6 3
0 -0.043854
1 -4.392118
2 1.518967
3 0.222925
4 0.991067
5 -2.137115
6 6.847825
7 -5.773528
8 -0.198246
22 -3.198678
13 0.592093
0 8 -5.618630 1
0 7 5.545385 1
0 6 0.411655 1
1 8 -3.117140 1
1 7 0.680112 1
1 6 3.941419 1
2 8 -4.187209 1
2 7 -2.335814 1
2 6 1.640386 1
3 9 4.400274 0
3 8 -5.744726 1
3 7 -4.189944 1
3 6 -0.725227 1
4 8 -2.926992 1
4 7 1.158908 1
4 6 -8.419019 1
5 8 3.783776 1
5 7 -1.635472 1
5 6 -0.760110 1
5 10 -0.011819 1
9 8 -0.246697 1
9 6 -2.687330 1
10 6 2.690599 1
-1 -1 -1 -1
574
12.000000
 0 1 2 3 4 5 9 7 10 8 6
