12 6 3
0 -0.043854
1 -4.392118
2 1.518967
3 0.222925
4 0.991067
5 -2.137115
6 0.596306
7 -4.508597
8 -7.113160
22 -4.604301
13 -0.256831
26 4.988211
0 8 3.000808 1
0 7 -0.966554 1
0 6 -0.142860 1
1 8 -11.456569 1
1 7 -0.064795 1
1 6 -0.554020 1
2 8 -2.546578 1
2 7 4.217584 1
2 6 4.516381 1
2 11 0.163611 1
3 9 -2.589571 1
3 8 2.619865 1
3 7 -0.966347 1
3 6 2.708353 1
4 9 3.406448 1
4 8 -5.243890 1
4 7 1.016768 1
4 6 -3.834039 1
5 8 2.567582 1
5 7 1.929114 1
5 6 -2.989138 1
5 10 6.724994 1
9 6 2.415499 1
10 6 -3.623576 1
11 7 3.236846 1
-1 -1 -1 -1
595
12.000000
 0 1 2 3 4 5 11 9 8 10 7 6
