12 6 3
0 -0.043854
1 -4.392118
2 1.518967
3 0.222925
4 0.991067
5 -2.137115
6 -0.848237
7 -5.804837
8 -4.984991
22 -4.152728
13 -0.893333
26 7.440725
0 8 3.320916 1
0 7 -1.808660 1
0 6 -1.458675 1
1 8 -7.437131 1
1 7 0.486898 1
1 6 0.653595 1
2 8 -3.522671 1
2 7 6.081158 1
2 6 4.144039 1
2 11 -0.445955 1
3 9 0.092095 1
3 8 3.792845 1
3 7 1.619910 1
3 6 2.879651 1
4 9 2.310115 1
4 8 -5.746189 1
4 7 0.975601 1
4 6 -2.114012 1
5 8 6.726409 1
5 7 3.055126 1
5 6 -1.585915 1
5 10 3.366203 1
9 6 4.790657 1
10 6 -3.508701 1
11 7 3.764216 1
-1 -1 -1 -1
595
12.000000
 0 1 2 3 4 5 11 9 8 10 7 6
