12 6 3
0 -0.043854
1 -4.392118
2 1.518967
3 0.222925
4 0.991067
5 -2.137115
6 0.263443
7 -4.495870
8 -6.967555
22 -2.356333
13 -2.089970
26 6.307962
0 8 3.342232 1
0 7 -0.948870 1
0 6 -0.057489 1
1 8 -9.176135 1
1 7 0.632674 1
1 6 1.181211 1
2 8 -4.677742 1
2 7 5.322489 1
2 6 3.370880 1
2 11 0.351933 1
3 9 1.504798 1
3 8 6.055569 1
3 7 1.103405 1
3 6 3.662136 1
4 9 3.526468 1
4 8 -5.452550 1
4 7 0.509506 1
4 6 -3.338257 1
5 8 4.094348 1
5 7 2.537810 1
5 6 -0.465675 1
5 10 6.485609 1
9 6 3.926372 1
10 6 -3.623066 1
11 7 5.115906 1
-1 -1 -1 -1
595
12.000000
 0 1 2 3 4 5 11 9 8 10 7 6
