11 6 3
0 -0.043854
1 -4.392118
2 1.518967
3 0.222925
4 0.991067
5 -2.137115
6 7.738103
7 -5.549830
8 0.309176
22 -0.530492
13 -0.350784
0 6 0.363771 1
0 7 6.782442 1
0 8 -4.664489 1
1 6 -5.935611 1
1 7 5.069819 1
1 8 0.887497 1
2 6 3.751144 1
2 7 -4.487897 1
2 8 -4.894762 1
3 6 -0.371652 1
3 7 -3.670989 1
3 8 10.636026 1
3 9 -4.726254 1
4 6 -4.979657 1
4 7 0.546450 1
4 8 -2.368971 1
5 10 1.949318 1
5 6 2.269768 1
5 7 -3.670411 1
5 8 4.336008 1
9 6 2.629919 1
9 8 3.888687 1
10 6 1.535141 1
-1 -1 -1 -1
567
12.000000
 0 1 2 3 4 5 9 10 7 8 6
