12 6 3
0 -0.043854
1 -4.392118
2 1.518967
3 0.222925
4 0.991067
5 -2.137115
6 0.049530
7 -4.995730
8 -8.399796
22 -5.281823
13 -0.177831
26 8.342754
0 6 -0.267371 1
0 7 -1.156966 1
0 8 1.099796 1
1 6 -1.106278 1
1 7 -0.385212 1
1 8 -10.846082 1
2 11 2.113816 1
2 6 3.220694 1
2 7 4.380905 1
2 8 -4.104486 1
3 6 3.488327 1
3 7 -1.484790 1
3 8 3.067124 1
3 9 2.154206 1
4 6 -0.279633 1
4 7 2.993338 1
4 8 -7.669498 1
4 9 2.316310 1
5 10 5.637208 1
5 6 -3.053207 1
5 7 2.909330 1
5 8 4.981348 1
9 6 3.122771 1
10 6 -3.679405 1
11 7 3.075514 1
-1 -1 -1 -1
595
12.000000
 0 1 2 3 4 5 11 9 10 8 7 6
