12 6 3
0 -0.043854
1 -4.392118
2 1.518967
3 0.222925
4 0.991067
5 -2.137115
6 0.110259
7 -3.403984
8 -6.190001
22 -4.329917
13 -1.353051
26 6.072959
0 6 -0.463529 1
0 7 0.076051 1
0 8 1.876019 1
1 6 -0.363024 1
1 7 0.516477 1
1 8 -7.283748 1
2 11 0.699322 1
2 6 0.720780 1
2 7 7.430451 1
2 8 -3.484182 1
3 6 3.593139 1
3 7 1.145131 1
3 8 2.097815 1
3 9 -0.293778 1
4 6 -2.890987 1
4 7 1.220331 1
4 8 -7.910800 1
4 9 3.191743 1
5 10 5.812497 1
5 6 -2.879146 1
5 7 1.038221 1
5 8 -2.949492 1
9 6 3.980614 1
10 6 -4.669233 1
11 7 -0.425599 1
-1 -1 -1 -1
595
12.000000
 0 1 2 3 4 5 11 9 10 8 7 6
