12 6 3
0 -0.043854
1 -4.392118
2 1.518967
3 0.222925
4 0.991067
5 -2.137115
6 -0.795538
7 -6.639858
8 -4.157958
22 -4.011025
13 0.815259
26 7.245360
0 6 6.550284 1
0 7 0.407362 1
0 8 2.139382 1
1 6 0.227676 1
1 7 -0.661334 1
1 8 3.579824 1
2 11 2.267298 1
2 6 3.909670 1
2 7 5.859303 1
2 8 4.128883 1
3 6 3.567327 1
3 7 0.236957 1
3 8 6.119040 1
3 9 -4.831592 1
4 6 1.418570 1
4 7 0.791470 1
4 8 -5.045655 1
4 9 4.024903 1
5 10 6.002856 1
5 6 -0.908457 1
5 7 1.657069 1
5 8 4.236650 1
9 6 4.038097 1
10 6 -2.871382 1
11 7 3.585177 1
-1 -1 -1 -1
595
12.000000
 0 1 2 3 4 5 11 9 10 8 7 6
