12 6 3
0 -0.043854
1 -4.392118
2 1.518967
3 0.222925
4 0.991067
5 -2.137115
6 -2.354263
7 -5.711366
8 -5.657568
22 -4.390428
13 -0.642887
26 6.557857
0 6 0.004511 1
0 7 -0.539984 1
0 8 2.816468 1
1 6 0.653595 1
1 7 -0.931122 1
1 8 -10.234212 1
2 11 2.428115 1
2 6 1.831771 1
2 7 5.234956 1
2 8 -4.293289 1
3 6 4.811395 1
3 7 -0.083875 1
3 8 3.153053 1
3 9 -0.631561 1
4 6 -5.873162 1
4 7 0.055584 1
4 8 -2.320854 1
4 9 2.291755 1
5 10 6.042461 1
5 6 0.942833 1
5 7 1.657069 1
5 8 5.634456 1
9 6 6.102761 1
10 6 -4.338925 1
11 7 -0.959347 1
-1 -1 -1 -1
595
12.000000
 0 1 2 3 4 5 11 9 10 8 7 6
