11 6 3
0 -0.043854
1 -4.392118
2 1.518967
3 0.222925
4 0.991067
5 -2.137115
6 9.660703
7 -3.808387
8 -1.676731
22 -1.277096
13 -0.439186
0 6 -4.454720 1
0 7 -1.029093 1
0 8 4.431151 1
1 6 1.807270 1
1 7 -1.550451 1
1 8 4.837193 1
2 6 -2.012732 1
2 7 -6.288725 1
2 8 7.400551 1
3 6 3.249769 1
3 7 0.371990 1
3 8 -3.119255 1
3 9 0.403017 1
4 6 -4.343408 1
4 7 -0.206443 1
4 8 -0.922868 1
5 10 -3.263344 1
5 6 -3.298293 1
5 7 -5.846712 1
5 8 -2.061460 1
9 6 3.064116 1
10 6 5.988523 1
-1 -1 -1 -1
570
12.000000
 0 1 2 3 4 5 9 10 7 8 6
