12 6 3
0 -0.043854
1 -4.392118
2 1.518967
3 0.222925
4 0.991067
5 -2.137115
6 -0.818188
7 -4.995730
8 -6.229059
22 -3.983997
13 -0.177831
26 6.557857
0 6 -0.056649 1
0 7 -0.558637 1
0 8 2.816468 1
1 6 0.653595 1
1 7 0.044990 1
1 8 -9.395900 1
2 11 0.699322 1
2 6 2.733562 1
2 7 5.265006 1
2 8 -3.484182 1
3 6 3.567327 1
3 7 0.084856 1
3 8 3.868555 1
3 9 -1.514429 1
4 6 -3.196709 1
4 7 0.791470 1
4 8 -6.442939 1
4 9 2.310115 1
5 10 5.812497 1
5 6 -2.198371 1
5 7 1.657069 1
5 8 5.430210 1
9 6 3.980614 1
10 6 -3.508701 1
11 7 3.932567 1
-1 -1 -1 -1
594
12.000000
 0 1 2 3 4 5 11 9 10 8 7 6
