11 6 3
0 -0.043854
1 -4.392118
2 1.518967
3 0.222925
4 0.991067
5 -2.137115
6 7.705668
7 -5.602824
8 0.658806
22 -3.175398
13 -0.506142
0 8 -6.817679 1
0 7 5.320086 1
0 6 1.048986 1
1 8 -0.254512 1
1 7 -2.246647 1
1 6 4.732186 1
2 8 -5.099706 1
2 7 -0.770699 1
2 6 1.755261 1
3 9 4.400274 1
3 8 -5.735620 1
3 7 -4.189944 1
3 6 0.064878 1
4 8 2.095724 1
4 7 -5.494646 1
4 6 -6.705535 1
5 8 3.783776 1
5 7 -2.163982 1
5 6 0.630914 1
5 10 -1.358451 1
9 8 2.648335 1
9 6 -2.409341 1
10 6 1.723724 1
-1 -1 -1 -1
573
12.000000
 0 1 2 3 4 5 9 7 10 8 6
