11 6 3
0 -0.043854
1 -4.392118
2 1.518967
3 0.222925
4 0.991067
5 -2.137115
6 8.662748
7 5.946376
8 1.560215
25 -0.024251
24 -0.738303
0 8 -7.051173 1
0 7 -0.133923 1
0 6 3.842171 1
0 9 0.512475 1
1 8 2.422029 1
1 7 4.835431 1
1 6 2.768333 1
2 8 -5.177231 1
2 7 -1.823321 1
2 6 3.581465 1
3 8 5.208591 1
3 7 -3.074478 1
3 6 -3.318995 1
4 8 -4.133880 1
4 7 2.761021 1
4 6 3.203169 1
5 10 -0.359490 1
5 8 2.082844 1
5 7 6.046693 1
5 6 4.533952 1
9 8 5.171113 1
10 7 1.141408 1
-1 -1 -1 -1
618
12.000000
 0 1 2 3 4 5 9 10 6 8 7
