11 6 3
0 -0.043854
1 -4.392118
2 1.518967
3 0.222925
4 0.991067
5 -2.137115
6 8.465770
7 4.026607
8 1.662101
21 6.251623
23 0.773709
0 8 5.113837 1
0 7 -1.946107 1
0 6 -0.932554 1
1 10 1.000000 1
1 8 3.469332 1
1 7 0.289458 1
1 6 -3.380345 1
2 9 0.451146 1
2 8 1.456044 1
2 7 6.937877 1
2 6 -4.064357 1
3 8 1.435755 1
3 7 -3.199400 1
3 6 5.599777 1
4 8 -4.758089 1
4 7 -2.232612 1
4 6 -3.009591 1
5 8 -0.088566 1
5 7 6.106484 1
5 6 -2.220161 1
9 6 -0.224165 1
10 6 -4.382183 1
-1 -1 -1 -1
719
12.000000
 0 1 2 3 4 5 10 9 8 7 6
