11 6 3
0 0.279430
1 -2.928705
2 2.420086
3 -3.492116
4 -2.023348
5 4.153464
6 0.399439
7 -2.058311
8 -6.231255
13 -0.624077
20 3.655646
0 6 1.883066 1
0 7 -2.490038 1
0 8 3.123187 1
1 6 -3.023234 1
1 7 -2.458883 1
1 8 4.813351 1
2 6 3.542355 1
2 7 3.712475 1
2 8 3.903311 1
2 9 -0.713933 1
3 6 -5.928033 1
3 7 10.968884 1
3 8 2.299849 1
4 6 0.251765 1
4 7 -0.448461 1
4 8 3.745485 1
5 10 4.892555 1
5 6 -1.080646 1
5 7 0.422238 1
5 8 -6.253294 1
9 8 4.648747 1
10 6 6.270556 1
-1 -1 -1 -1
164
12.000000
 0 1 2 3 4 5 9 10 7 8 6
