11 6 3
0 0.279430
1 -2.928705
2 2.420086
3 -3.492116
4 -2.023348
5 4.153464
6 4.426904
7 -5.113730
8 -7.233024
13 0.151569
20 3.255635
0 8 -0.490423 1
0 7 -0.471789 1
0 6 -0.911810 1
1 8 3.313684 1
1 7 -1.710242 1
1 6 -1.755311 1
2 9 -1.094594 1
2 8 -4.779202 1
2 7 3.443772 1
2 6 -6.656065 1
3 8 3.022505 1
3 7 5.269712 1
3 6 -5.477843 1
4 8 -3.163178 1
4 7 3.518505 1
4 6 -1.566780 1
5 8 -7.133331 1
5 7 10.967688 1
5 6 -0.714237 1
5 10 0.638295 1
9 8 2.216278 1
10 6 -2.719914 1
-1 -1 -1 -1
162
12.000000
 0 1 2 3 4 5 9 7 10 8 6
