12 6 3
0 0.279430
1 -2.928705
2 2.420086
3 -3.492116
4 -2.023348
5 4.153464
6 4.716527
7 -4.036996
8 -5.477140
13 -0.022250
20 2.875059
26 -1.255822
0 8 2.138724 1
0 7 -6.238944 1
0 6 -2.144566 1
1 8 1.980318 1
1 7 0.509172 1
1 6 -0.056983 1
2 9 -1.595447 1
2 8 -1.347925 1
2 7 2.868172 1
2 6 7.979167 1
3 11 2.466980 1
3 8 -7.353036 1
3 7 1.462527 1
3 6 4.062875 1
4 8 -0.460285 1
4 7 -0.968075 1
4 6 0.556230 1
5 8 1.069662 1
5 7 10.605392 1
5 6 -1.308595 1
5 10 0.996685 1
9 8 3.243973 1
10 6 -2.065020 1
11 8 3.209166 1
-1 -1 -1 -1
169
12.000000
 0 1 2 3 4 5 9 11 7 10 8 6
