12 6 3
0 0.279430
1 -2.928705
2 2.420086
3 -3.492116
4 -2.023348
5 4.153464
6 5.873667
7 -2.392996
8 -5.245111
13 -0.680550
20 3.600893
26 -3.801368
0 8 -0.099932 1
0 7 4.429490 1
0 6 3.351488 1
1 8 3.413427 1
1 7 2.475914 1
1 6 4.000925 1
2 9 -1.783383 1
2 8 -7.519901 1
2 7 -5.467640 1
2 6 8.048152 1
3 11 6.843940 1
3 8 -6.757246 1
3 7 4.907672 1
3 6 -0.068404 1
4 8 -0.064947 1
4 7 3.982185 1
4 6 1.921259 1
5 8 3.000018 1
5 7 -2.094284 1
5 6 -3.273658 1
5 10 -3.205765 1
9 8 2.476536 1
10 6 -0.796606 1
11 8 4.768853 1
-1 -1 -1 -1
171
12.000000
 0 1 2 3 4 5 9 11 7 10 8 6
