12 6 3
0 0.279430
1 -2.928705
2 2.420086
3 -3.492116
4 -2.023348
5 4.153464
6 7.664240
7 1.746538
8 -3.435814
13 0.796969
20 1.248890
26 -3.496302
0 6 -5.452220 1
0 7 3.831728 1
0 8 2.837097 1
1 6 3.103474 1
1 7 0.443420 1
1 8 2.822932 1
2 6 -1.375263 1
2 7 1.891187 1
2 8 3.353410 1
2 9 -2.947236 1
3 6 -1.612556 1
3 7 -1.767182 1
3 8 -6.538040 1
3 11 -8.782492 1
4 6 2.998867 1
4 7 0.781099 1
4 8 -0.539644 1
5 10 -1.903838 1
5 6 -1.818628 1
5 7 0.009614 1
5 8 0.524578 1
9 8 5.034403 1
10 6 -1.164265 1
11 8 2.922389 1
-1 -1 -1 -1
174
12.000000
 0 1 2 3 4 5 9 11 10 7 8 6
