12 6 3
0 0.279430
1 -2.928705
2 2.420086
3 -3.492116
4 -2.023348
5 4.153464
6 6.137841
7 0.527675
8 -4.813843
13 -3.475460
20 2.043412
26 -6.078709
0 6 -5.452220 1
0 7 5.293015 1
0 8 3.393250 1
1 6 2.147153 1
1 7 -0.855185 1
1 8 2.328465 1
2 6 -1.254237 1
2 7 3.739804 1
2 8 -0.770018 1
2 9 -0.967957 1
3 6 -2.386381 1
3 7 -0.004375 1
3 8 1.988462 1
3 11 -6.805500 1
4 6 5.179426 1
4 7 5.979286 1
4 8 0.230356 1
5 10 -2.942145 1
5 6 -2.698097 1
5 7 0.693526 1
5 8 2.664005 1
9 8 3.039666 1
10 6 3.107137 1
11 8 4.007420 1
-1 -1 -1 -1
174
12.000000
 0 1 2 3 4 5 9 11 10 7 8 6
