12 6 3
0 0.279430
1 -2.928705
2 2.420086
3 -3.492116
4 -2.023348
5 4.153464
6 7.280549
7 4.164452
8 -2.032910
13 1.905464
20 4.310618
26 -0.072871
0 6 5.071654 1
0 7 2.559573 1
0 8 5.947431 1
1 6 3.863441 1
1 7 -4.139607 1
1 8 2.825917 1
2 6 2.356197 1
2 7 2.815164 1
2 8 5.866328 1
2 9 -7.415449 1
3 6 -3.915287 1
3 7 2.641081 1
3 8 -1.074128 1
3 11 -1.701748 1
4 6 6.141539 1
4 7 2.893951 1
4 8 4.500547 1
5 10 -4.022589 1
5 6 0.770393 1
5 7 -2.309777 1
5 8 1.388532 1
9 8 -3.225879 1
10 6 1.290462 1
11 8 -0.376177 1
-1 -1 -1 -1
178
12.000000
 0 1 2 3 4 5 9 11 10 7 8 6
