12 6 3
0 0.279430
1 -2.928705
2 2.420086
3 -3.492116
4 -2.023348
5 4.153464
6 7.681741
7 2.334035
8 -5.969598
13 3.534636
20 1.164472
26 -3.820317
0 6 -3.367819 1
0 7 4.840075 1
0 8 3.880834 1
1 6 2.878858 1
1 7 3.412730 1
1 8 2.632312 1
2 6 -1.670155 1
2 7 1.351729 1
2 8 7.747299 1
2 9 -2.333762 1
3 6 -0.755067 1
3 7 -0.820873 1
3 8 -5.242159 1
3 11 -6.579648 1
4 6 3.286170 1
4 7 7.754499 1
4 8 -0.381502 1
5 10 -2.613031 1
5 6 -3.947737 1
5 7 0.444359 1
5 8 -0.257664 1
9 8 4.717950 1
10 6 0.178599 1
11 8 6.909303 1
-1 -1 -1 -1
174
12.000000
 0 1 2 3 4 5 9 11 10 7 8 6
