12 6 3
0 0.279430
1 -2.928705
2 2.420086
3 -3.492116
4 -2.023348
5 4.153464
6 12.796361
7 1.158216
8 -7.629447
13 0.671204
20 3.513513
26 -3.792817
0 8 3.155204 1
0 7 0.412395 1
0 6 2.261880 1
1 8 -0.448461 1
1 7 2.474659 1
1 6 0.054112 1
2 9 -4.392787 1
2 8 -2.545281 1
2 7 -2.287165 1
2 6 0.605368 1
3 11 -8.046606 1
3 8 6.270556 1
3 7 3.198902 1
3 6 7.004706 1
4 8 4.781502 1
4 7 0.720780 1
4 6 -0.054355 1
5 8 3.914618 1
5 7 1.700976 1
5 6 -2.041842 1
5 10 0.082171 1
9 8 5.062822 1
10 6 0.926938 1
11 8 2.850890 1
-1 -1 -1 -1
181
12.000000
 0 1 2 3 4 5 9 11 7 10 8 6
