12 6 3
0 0.279430
1 -2.928705
2 2.420086
3 -3.492116
4 -2.023348
5 4.153464
6 12.818839
7 2.682561
8 -6.592383
13 3.039607
20 1.998160
26 -3.414945
0 8 1.922250 1
0 7 -3.781889 1
0 6 -0.348010 1
1 8 2.728666 1
1 7 3.116477 1
1 6 -1.584560 1
2 9 -3.317820 1
2 8 -4.431959 1
2 7 -2.123898 1
2 6 0.482333 1
3 11 -6.755444 1
3 8 2.265046 1
3 7 0.004511 1
3 6 4.911207 1
4 8 4.781502 1
4 7 6.207712 1
4 6 -3.195912 1
5 8 3.076305 1
5 7 3.403956 1
5 6 -4.003908 1
5 10 1.822861 1
9 8 3.033064 1
10 6 1.865284 1
11 8 2.253298 1
-1 -1 -1 -1
181
12.000000
 0 1 2 3 4 5 9 11 7 10 8 6
