12 6 3
0 0.279430
1 -2.928705
2 2.420086
3 -3.492116
4 -2.023348
5 4.153464
6 11.879399
7 1.482159
8 -7.549783
13 0.874103
20 2.622693
26 -2.975871
0 8 4.898290 1
0 7 6.171344 1
0 6 4.410072 1
1 8 -0.448461 1
1 7 1.574748 1
1 6 0.428226 1
2 9 -2.394550 1
2 8 -2.647061 1
2 7 -2.425703 1
2 6 0.041043 1
3 11 -8.644936 1
3 8 6.270556 1
3 7 4.275743 1
3 6 6.245860 1
4 8 5.697046 1
4 7 7.555393 1
4 6 -2.326309 1
5 8 3.914618 1
5 7 0.600907 1
5 6 -2.700959 1
5 10 -2.343465 1
9 8 2.765364 1
10 6 1.610325 1
11 8 4.506430 1
-1 -1 -1 -1
181
12.000000
 0 1 2 3 4 5 9 11 7 10 8 6
