11 6 3
0 0.279430
1 -2.928705
2 2.420086
3 -3.492116
4 -2.023348
5 4.153464
6 4.619990
7 -4.529725
8 0.417122
16 6.625653
11 3.206248
0 8 -0.157043 1
0 7 2.571384 1
0 6 -1.635946 1
1 8 5.369770 1
1 7 -4.686141 1
1 6 -0.169496 1
2 9 -1.687653 1
2 8 3.550504 1
2 7 -4.713434 1
2 6 -0.214342 1
3 8 -6.040479 1
3 7 4.787365 1
3 6 1.935247 1
4 8 -1.758710 1
4 7 2.939140 1
4 6 0.994885 1
5 8 -11.201575 1
5 7 2.902719 1
5 6 -9.328029 1
5 10 3.235210 1
9 6 2.083159 1
10 8 -7.981623 1
-1 -1 -1 -1
177
12.000000
 0 1 2 3 4 5 9 7 10 6 8
