12 6 3
0 0.279430
1 -2.928705
2 2.420086
3 -3.492116
4 -2.023348
5 4.153464
6 15.722084
7 5.289006
8 -5.697196
13 2.499762
20 5.416781
26 -5.923481
0 6 3.009982 1
0 7 -8.517643 1
0 8 1.418570 1
1 6 -0.653978 1
1 7 3.641600 1
1 8 5.079628 1
2 6 -2.310735 1
2 7 3.521852 1
2 8 -0.351519 1
2 9 3.517268 1
3 6 3.565808 1
3 7 3.071021 1
3 8 -4.953966 1
3 11 9.702530 1
4 6 6.154096 1
4 7 1.119135 1
4 8 5.425358 1
5 10 3.459240 1
5 6 0.150098 1
5 7 8.425065 1
5 8 -7.214256 1
9 8 -3.454997 1
10 6 -4.181221 1
11 8 -0.686795 1
-1 -1 -1 -1
184
12.000000
 0 1 2 3 4 5 9 11 10 7 8 6
