12 6 3
0 0.279430
1 -2.928705
2 2.420086
3 -3.492116
4 -2.023348
5 4.153464
6 13.386631
7 4.039412
8 0.779551
13 1.800524
20 -6.374137
26 -6.862621
0 6 0.759497 1
0 7 -6.668342 1
0 8 3.163410 1
1 6 -0.653978 1
1 7 1.563541 1
1 8 2.745992 1
2 6 -2.949492 1
2 7 2.231938 1
2 8 -1.512051 1
2 9 -0.425599 1
3 6 4.204525 1
3 7 2.005810 1
3 8 -1.652407 1
3 11 7.900442 1
4 6 2.513743 1
4 7 1.312330 1
4 8 4.888248 1
5 10 1.739555 1
5 6 -2.204181 1
5 7 -2.305678 1
5 8 -5.463831 1
9 8 -4.351858 1
10 6 -2.192961 1
11 8 -2.280175 1
-1 -1 -1 -1
184
12.000000
 0 1 2 3 4 5 9 11 10 7 8 6
