12 6 3
0 0.279430
1 -2.928705
2 2.420086
3 -3.492116
4 -2.023348
5 4.153464
6 12.217235
7 2.591036
8 -7.416731
13 2.511097
20 3.389184
26 -4.761578
0 6 3.542355 1
0 7 -2.741135 1
0 8 2.593053 1
1 6 1.726053 1
1 7 3.745485 1
1 8 -0.448461 1
2 6 0.251765 1
2 7 -2.425703 1
2 8 -4.431959 1
2 9 -2.394550 1
3 6 4.892555 1
3 7 2.727416 1
3 8 6.270556 1
3 11 -8.046606 1
4 6 -2.219800 1
4 7 6.207712 1
4 8 4.781502 1
5 10 1.852911 1
5 6 -3.102118 1
5 7 1.675164 1
5 8 3.914618 1
9 8 3.842171 1
10 6 0.621216 1
11 8 2.422029 1
-1 -1 -1 -1
180
12.000000
 0 1 2 3 4 5 9 11 10 7 8 6
