12 6 3
0 0.279430
1 -2.928705
2 2.420086
3 -3.492116
4 -2.023348
5 4.153464
6 12.679853
7 3.374341
8 -7.752245
13 2.605321
20 3.949567
26 -6.885310
0 6 1.669568 1
0 7 -5.425097 1
0 8 1.376632 1
1 6 -0.350132 1
1 7 2.637274 1
1 8 1.736527 1
2 6 -0.335358 1
2 7 2.353378 1
2 8 1.279796 1
2 9 4.401303 1
3 6 5.107892 1
3 7 1.518451 1
3 8 -5.205503 1
3 11 9.502987 1
4 6 4.764444 1
4 7 -1.515834 1
4 8 3.860180 1
5 10 3.439970 1
5 6 -2.800095 1
5 7 6.655516 1
5 8 -6.703073 1
9 8 -1.385788 1
10 6 -2.768107 1
11 8 -0.730787 1
-1 -1 -1 -1
184
12.000000
 0 1 2 3 4 5 9 11 10 7 8 6
