12 6 3
0 0.279430
1 -2.928705
2 2.420086
3 -3.492116
4 -2.023348
5 4.153464
6 9.126962
7 4.200593
8 -8.538692
13 2.625723
20 6.960895
26 -6.866017
0 6 -0.278652 1
0 7 -6.855235 1
0 8 5.231286 1
1 6 4.076554 1
1 7 3.656102 1
1 8 1.826302 1
2 6 2.251333 1
2 7 -2.689148 1
2 8 3.474242 1
2 9 4.836982 1
3 6 4.031091 1
3 7 4.320297 1
3 8 -6.867424 1
3 11 3.541120 1
4 6 -1.797527 1
4 7 -0.096817 1
4 8 -3.158980 1
5 10 -3.553860 1
5 6 4.698359 1
5 7 -1.697002 1
5 8 3.879074 1
9 8 -5.449414 1
10 6 -4.432771 1
11 8 0.959760 1
-1 -1 -1 -1
188
12.000000
 0 1 2 3 4 5 9 11 10 7 8 6
