12 6 3
0 0.279430
1 -2.928705
2 2.420086
3 -3.492116
4 -2.023348
5 4.153464
6 14.290154
7 3.721031
8 -6.873305
13 1.905464
20 3.765227
26 -6.477393
0 6 0.759497 1
0 7 -5.200481 1
0 8 2.281782 1
1 6 -0.653978 1
1 7 2.244316 1
1 8 3.364840 1
2 6 -2.501095 1
2 7 2.231938 1
2 8 -0.351519 1
2 9 4.710827 1
3 6 3.508326 1
3 7 2.433702 1
3 8 -4.606576 1
3 11 6.683302 1
4 6 3.967082 1
4 7 0.100586 1
4 8 5.330549 1
5 10 3.459240 1
5 6 -1.846991 1
5 7 6.277837 1
5 8 -5.316596 1
9 8 -3.225879 1
10 6 -2.759000 1
11 8 -0.952135 1
-1 -1 -1 -1
183
12.000000
 0 1 2 3 4 5 9 11 10 7 8 6
