12 6 3
0 0.279430
1 -2.928705
2 2.420086
3 -3.492116
4 -2.023348
5 4.153464
6 11.835770
7 0.093401
8 -6.453130
13 -1.374595
20 3.193068
26 -0.655782
0 6 4.050780 1
0 7 2.076969 1
0 8 -0.483556 1
1 6 0.282180 1
1 7 5.485283 1
1 8 -7.271918 1
2 6 -3.436485 1
2 7 2.407935 1
2 8 -5.079352 1
2 9 1.065280 1
3 6 -0.840342 1
3 7 6.147141 1
3 8 4.307367 1
3 11 1.458308 1
4 6 -0.452348 1
4 7 -4.461003 1
4 8 5.737361 1
5 10 2.469581 1
5 6 -3.347656 1
5 7 -3.333562 1
5 8 4.910755 1
9 8 -5.525593 1
10 6 1.387169 1
11 8 -2.032821 1
-1 -1 -1 -1
184
12.000000
 0 1 2 3 4 5 9 11 10 7 8 6
