11 6 3
0 0.279430
1 -2.928705
2 2.420086
3 -3.492116
4 -2.023348
5 4.153464
6 0.305997
7 8.041522
8 5.478247
13 0.715177
32 0.187383
0 6 7.806673 1
0 7 0.102516 1
0 8 -3.138456 1
1 6 2.966693 1
1 7 -5.220815 1
1 8 -1.775651 1
2 9 0.273483 1
2 6 3.438058 1
2 7 6.732258 1
2 8 9.439064 1
3 6 -11.108506 1
3 7 3.322032 1
3 8 0.666718 1
4 6 6.699877 1
4 7 1.050667 1
4 8 1.867626 1
5 6 2.942765 1
5 7 -3.069448 1
5 8 -2.914392 1
9 10 0.603769 1
9 8 1.748207 1
10 8 6.330287 1
-1 -1 -1 -1
226
12.000000
 0 1 2 3 4 5 9 6 7 10 8
