11 6 3
0 0.279430
1 -2.928705
2 2.420086
3 -3.492116
4 -2.023348
5 4.153464
6 1.076032
7 -0.699579
8 -0.093258
13 0.715177
32 -1.549241
0 6 7.485855 1
0 7 0.640502 1
0 8 -4.818466 1
1 6 2.271946 1
1 7 -5.220815 1
1 8 -1.396630 1
2 9 -0.720255 1
2 6 -4.668967 1
2 7 6.834563 1
2 8 11.090978 1
3 6 -11.045735 1
3 7 1.884136 1
3 8 0.134461 1
4 6 4.636000 1
4 7 2.484643 1
4 8 1.867626 1
5 6 4.255985 1
5 7 -3.153876 1
5 8 -3.705342 1
9 10 2.227171 1
9 8 1.316093 1
10 8 5.676102 1
-1 -1 -1 -1
227
12.000000
 0 1 2 3 4 5 9 6 7 10 8
