11 6 3
0 1.085844
1 -2.522391
2 -2.432155
3 0.716306
4 -2.326706
5 6.968905
6 4.618363
7 -1.127907
8 2.482593
18 3.012527
12 -1.459452
0 8 0.957402 1
0 7 -2.767504 1
0 6 12.414571 1
1 8 0.217632 1
1 7 3.696029 1
1 6 -5.390887 1
2 8 -0.624447 1
2 7 0.172380 1
2 6 -3.922820 1
2 9 0.679417 1
3 10 -0.190062 1
3 8 2.979426 1
3 7 1.115196 1
3 6 1.125129 1
4 8 4.261013 1
4 7 8.186557 1
4 6 6.328896 1
5 8 4.926854 1
5 7 0.751201 1
5 6 -1.643121 1
9 7 3.529876 1
10 7 8.034043 1
-1 -1 -1 -1
344
12.000000
 0 1 2 3 4 5 9 10 8 6 7
