11 6 3
0 1.085844
1 -2.522391
2 -2.432155
3 0.716306
4 -2.326706
5 6.968905
6 4.890093
7 0.058443
8 4.018700
18 -0.396927
12 -1.359771
0 6 9.440169 1
0 7 2.299969 1
0 8 -12.502162 1
1 6 -1.676364 1
1 7 -3.658175 1
1 8 -5.452109 1
2 9 0.810743 1
2 6 0.500761 1
2 7 -6.061721 1
2 8 0.031295 1
3 6 3.279307 1
3 7 -6.515475 1
3 8 0.410504 1
3 10 2.081108 1
4 6 3.098391 1
4 7 -3.088089 1
4 8 -1.087709 1
5 6 -4.700994 1
5 7 0.842592 1
5 8 -0.202212 1
9 7 0.946376 1
10 7 6.025977 1
-1 -1 -1 -1
339
12.000000
 0 1 2 3 4 5 9 10 6 8 7
