11 6 3
0 -0.043854
1 -4.392118
2 1.518967
3 0.222925
4 0.991067
5 -2.137115
6 5.095011
7 -1.033487
8 -0.278779
14 -0.433552
25 0.000000
0 8 0.125074 1
0 7 -5.700561 1
0 6 2.364797 1
0 10 1.000000 1
1 8 -5.965580 1
1 7 -3.619382 1
1 6 7.435704 1
1 9 2.191271 1
2 8 -7.045276 1
2 7 9.082697 1
2 6 -3.268161 1
3 8 3.341209 1
3 7 -1.788095 1
3 6 -1.181367 1
4 8 -1.915395 1
4 7 5.141315 1
4 6 -0.715710 1
5 8 5.224727 1
5 7 4.198958 1
5 6 -3.563222 1
9 7 0.481045 1
10 8 0.125074 1
-1 -1 -1 -1
405
12.000000
 0 1 2 3 4 5 10 9 6 8 7
