11 6 3
0 -0.043854
1 -4.392118
2 1.518967
3 0.222925
4 0.991067
5 -2.137115
6 5.095011
7 -0.007383
8 -0.278779
14 1.117084
25 1.522683
0 8 -0.078855 1
0 7 -6.397924 1
0 6 2.364797 1
0 10 1.579127 1
1 8 -7.398400 1
1 7 -3.832098 1
1 6 5.595811 1
1 9 2.315601 1
2 8 2.421902 1
2 7 10.011144 1
2 6 -1.676415 1
3 8 3.380267 1
3 7 -2.134016 1
3 6 -2.356587 1
4 8 -2.400292 1
4 7 4.326916 1
4 6 2.715091 1
5 8 -0.432735 1
5 7 4.567097 1
5 6 -3.563222 1
9 7 0.952531 1
10 8 2.237226 1
-1 -1 -1 -1
405
12.000000
 0 1 2 3 4 5 10 9 6 8 7
