11 6 3
0 -0.043854
1 -4.392118
2 1.518967
3 0.222925
4 0.991067
5 -2.137115
6 5.095011
7 -2.095279
8 -1.963155
14 0.003929
25 0.064985
0 10 3.689192 1
0 6 1.465998 1
0 7 -4.969499 1
0 8 0.571317 1
1 9 -2.373874 1
1 6 -0.742368 1
1 7 0.273591 1
1 8 -5.370106 1
2 6 -3.268161 1
2 7 -1.416084 1
2 8 -7.024173 1
3 6 1.168443 1
3 7 -2.486908 1
3 8 2.377037 1
4 6 -0.715710 1
4 7 5.540641 1
4 8 -1.168603 1
5 6 -3.209661 1
5 7 6.581212 1
5 8 0.664566 1
9 7 -0.512984 1
10 8 0.765929 1
-1 -1 -1 -1
405
12.000000
 0 1 2 3 4 5 10 9 6 8 7
